VertexCount: 162
TriangleCount: 320
VertexList (pos, normal)
{
41.5725 123.9834 -96.1364 0.0000 1.0000 -0.0000
75.4530 119.2644 -96.1364 0.2713 0.9625 -0.0000
52.0422 119.2644 -128.3587 0.0838 0.9625 -0.2580
106.7544 105.4665 -96.1364 0.5250 0.8511 -0.0000
86.4301 110.8941 -128.7274 0.3638 0.8932 -0.2643
61.7148 105.4665 -158.1281 0.1622 0.8511 -0.4993
133.0940 83.6403 -96.1364 0.7394 0.6732 -0.0000
118.1775 91.7970 -128.9519 0.6197 0.7376 -0.2680
96.4541 91.7970 -158.8515 0.4464 0.7376 -0.5066
69.8542 83.6403 -183.1785 0.2285 0.6732 -0.7032
152.4666 55.4470 -96.1364 0.8944 0.4472 0.0000
143.5636 62.7010 -128.3587 0.8219 0.5060 -0.2615
126.8967 65.1819 -158.1281 0.6882 0.5257 -0.5000
103.7347 62.7010 -183.1785 0.5027 0.5060 -0.7009
75.8407 55.4470 -201.6030 0.2764 0.4472 -0.8507
14.1626 119.2644 -116.0509 -0.2195 0.9625 -0.1595
24.4384 110.8941 -148.8697 -0.1390 0.8932 -0.4277
-11.1608 105.4665 -134.4494	-0.4248 0.8511 -0.3086
34.0354 91.7971 -179.1326 -0.0634 0.7376 -0.6722
-1.1137 91.7971 -167.7120 -0.3438 0.7376 -0.5811
-32.4699 83.6403 -149.9314 -0.5982 0.6732 -0.4346
42.4443 62.7010 -203.0930 0.0053 0.5060 -0.8625
8.9816 65.1819 -196.4411 -0.2629 0.5257 -0.8090
-22.0003 62.7010 -182.1537 -0.5112 0.5060 -0.6947
-48.1427 55.4470 -161.3184 -0.7236 0.4472 -0.5257
14.1626 119.2644 -76.2220 -0.2195 0.9625 0.1595
-13.8745 110.8941 -96.1364 -0.4497 0.8932 0.0000
-11.1608 105.4665 -57.8235 -0.4248 0.8511 0.3086
-39.6907 91.7971 -114.6154 -0.6589 0.7376 -0.1474
-39.6906 91.7971 -77.6575 -0.6589 0.7376 0.1474
-32.4699 83.6403 -42.3415 -0.5982 0.6732 0.4346
-59.8798 62.7010 -130.0169 -0.8187 0.5060 -0.2715
-63.8940 65.1819 -96.1364 -0.8507 0.5257 0.0000
-59.8798 62.7010 -62.2559 -0.8187 0.5060 0.2715
-48.1427 55.4470 -30.9545 -0.7236 0.4472 0.5257
52.0422 119.2644 -63.9142 0.0838 0.9625 0.2580
24.4384 110.8941 -43.4032 -0.1390 0.8932 0.4277
61.7148 105.4665 -34.1448 0.1622 0.8511 0.4993
-1.1137 91.7970 -24.5609 -0.3438 0.7376 0.5811
34.0354 91.7970 -13.1403 -0.0634 0.7376 0.6722
69.8542 83.6403 -9.0944 0.2285 0.6732 0.7032
-22.0002 62.7010 -10.1192 -0.5112 0.5060 0.6947
8.9816 65.1819 4.1682 -0.2629 0.5257 0.8090
42.4443 62.7010 10.8201 0.0053 0.5060 0.8625
75.8407 55.4470 9.3301 0.2764 0.4472 0.8507
86.4301 110.8941 -63.5455 0.3638 0.8932 0.2643
96.4541 91.7971 -33.4213 0.4464 0.7376 0.5066
118.1775 91.7971 -63.3210 0.6197 0.7376 0.2680
103.7347 62.7010 -9.0944 0.5027 0.5060 0.7009
126.8968 65.1819 -34.1448 0.6882 0.5257 0.5000
143.5636 62.7010 -63.9142 0.8219 0.5060 0.2615
160.5039 28.8205 -76.2220 0.9584 0.2353 0.1615
160.5039 28.8205 -116.0509 0.9584 0.2353 -0.1615
159.4877 0.0000 -57.8235 0.9511 0.0000 0.3090
165.5559 0.0000 -96.1364 1.0000 -0.0027 0.0000
159.4877 0.0000 -134.4494 0.9511 0.0000 -0.3090
149.4954 -28.8205 -42.3415 0.8703 -0.2353 0.4327
160.0203 -31.6311 -77.6575 0.9544 -0.2595 0.1474
160.0203 -31.6311 -114.6154	0.9544 -0.2595 -0.1474
149.4954 -28.8205 -149.9314	0.8703 -0.2353 -0.4327
131.2877 -55.4470 -30.9545 0.7236 -0.4472 0.5257
143.0248 -62.7010 -62.2559 0.8187 -0.5060 0.2715
147.0391 -65.1819 -96.1364 0.8507 -0.5257 0.0000
143.0248 -62.7010 -130.0169	0.8187 -0.5060 -0.2715
131.2877 -55.4470 -161.3184	0.7236 -0.4472 -0.5257
97.2641 28.8205 -203.0930 0.4497 0.2353 -0.8616
59.3846 28.8205 -215.4008 0.1426 0.2353 -0.9614
114.4481 0.0000 -196.4411 0.5878 0.0000 -0.8090
79.8855 0.0000 -214.0516 0.3090 -0.0027 -0.9511
41.5725 0.0000 -220.1198 0.0000 -0.0000 -1.0000
126.0846 -28.8205 -182.1537	0.6805 -0.2353 -0.6940
95.7495 -31.6311 -203.0767 0.4351 -0.2595 -0.8622
60.6003 -31.6311 -214.4973 0.1547 -0.2595 -0.9533
23.7605 -28.8205 -215.4008 -0.1426 -0.2353 -0.9614
105.1453 -62.7010 -182.1537	0.5112 -0.5060 -0.6947
74.1635 -65.1819 -196.4411 0.2629 -0.5257 -0.8090
40.7007 -62.7010 -203.0930 -0.0053 -0.5060 -0.8625
7.3044 -55.4470 -201.6030 -0.2764 -0.4472 -0.8507
-42.9396 28.8205 -182.1537 -0.6805 0.2353 -0.6940
-66.3504 28.8205 -149.9314 -0.8703 0.2353 -0.4327
-31.3031 0.0000 -196.4411 -0.5878 0.0000 -0.8090
-58.7321 0.0000 -169.0120 -0.8090 -0.0027 -0.5878
-76.3427 0.0000 -134.4494 -0.9511 0.0000 -0.3090
-14.1191 -28.8205 -203.0930	-0.4497 -0.2353 -0.8616	
-43.3921 -31.6311 -180.7081	-0.6855 -0.2595 -0.6803	
-65.1154 -31.6311 -150.8085	-0.8588 -0.2595 -0.4417	
-77.3588 -28.8205 -116.0509	-0.9584 -0.2353 -0.1615	
-20.5897 -62.7010 -183.1785	-0.5027 -0.5060 -0.7009	
-43.7517 -65.1819 -158.1281	-0.6882 -0.5257 -0.5000	
-60.4186 -62.7010 -128.3587	-0.8219 -0.5060 -0.2615	
-69.3216 -55.4470 -96.1364 -0.8944 -0.4472 -0.0000
-66.3504 28.8205 -42.3415 -0.8703 0.2353 0.4327	
-42.9395 28.8205 -10.1192 -0.6805 0.2353 0.6940	
-76.3427 0.0000 -57.8235 -0.9511 0.0000 0.3090	
-58.7321 0.0000 -23.2608 -0.8090 -0.0027 0.5878
-31.3031 0.0000 4.1682 -0.5878 0.0000 0.8090	
-77.3588 -28.8205 -76.2220 -0.9584 -0.2353 0.1615		
-65.1154 -31.6311 -41.4644 -0.8588 -0.2595 0.4417	
-43.3921 -31.6311 -11.5648 -0.6855 -0.2595 0.6803	
-14.1190 -28.8205 10.8201 -0.4497 -0.2353 0.8616	
-60.4186 -62.7010 -63.9142 -0.8219 -0.5060 0.2615	
-43.7517 -65.1819 -34.1447 -0.6882 -0.5257 0.5000	
-20.5896 -62.7010 -9.0943 -0.5027 -0.5060 0.7009	
7.3044 -55.4470 9.3301 -0.2764 -0.4472 0.8507	
59.3846 28.8205 23.1279	0.1426 0.2353 0.9614	
97.2641 28.8205 10.8201	0.4497 0.2353 0.8616	
41.5726 0.0000 27.8469 0.0000 0.0000 1.0000		
79.8855 0.0000 21.7787 0.3090 -0.0027 0.9511			
114.4481 0.0000 4.1682 0.5878 0.0000 0.8090		
23.7605 -28.8205 23.1279 -0.1426 -0.2353 0.9614		
60.6004 -31.6311 22.2244 0.1547 -0.2595 0.9533		
95.7495 -31.6311 10.8038 0.4351 -0.2595 0.8622		
126.0846 -28.8205 -10.1192 0.6805 -0.2353 0.6940		
40.7008 -62.7010 10.8201 -0.0053 -0.5060 0.8625		
74.1635 -65.1819 4.1682	0.2629 -0.5257 0.8090	
105.1453 -62.7010 -10.1192 0.5112 -0.5060 0.6947		
141.8772 0.0000 -169.0120 0.8090 0.0027 -0.5878		
126.5371 31.6311 -180.7081 0.6855 0.2595 -0.6803	
148.2605 31.6311 -150.8085 0.8588 0.2595 -0.4417		
3.2595 0.0000 -214.0516	-0.3090 0.0027 -0.9511	
-12.6044 31.6311 -203.0767 -0.4351 0.2595 -0.8622	
22.5447 31.6311 -214.4973 -0.1547 0.2595 -0.9533		
-82.4108 0.0000 -96.1364 -1.0000 0.0027 0.0000		
-76.8752 31.6311 -77.6575 -0.9544 0.2595 0.1474		
-76.8752 31.6311 -114.6154 -0.9544 0.2595 -0.1474		
3.2596 0.0000 21.7787 -0.3090 0.0027 0.9511	
22.5447 31.6311 22.2244	-0.1547 0.2595 0.9533	
-12.6044 31.6311 10.8038 -0.4351 0.2595 0.8622		
141.8772 0.0000 -23.2608 0.8090 0.0027 0.5878		
148.2605 31.6311 -41.4644 0.8588 0.2595 0.4417		
126.5371 31.6311 -11.5648 0.6855 0.2595 0.6803	
41.5725 -123.9834 -96.1364 -0.0000 -1.0000 -0.0000		
31.1029 -119.2644 -128.3587	-0.0838 -0.9625 -0.2580		
68.9824 -119.2644 -116.0509	0.2195 -0.9625 -0.1595		
21.4302 -105.4665 -158.1281	-0.1622 -0.8511 -0.4993		
58.7066 -110.8941 -148.8697	0.1390 -0.8932 -0.4277		
94.3058 -105.4665 -134.4494	0.4248 -0.8511 -0.3086		
13.2908 -83.6403 -183.1785 -0.2285 -0.6732 -0.7032		
49.1097 -91.7971 -179.1326 0.0634 -0.7376 -0.6722		
84.2588 -91.7971 -167.7120 0.3438 -0.7376 -0.5811		
115.6149 -83.6403 -149.9314	0.5982 -0.6732 -0.4346		
7.6920 -119.2644 -96.1364 -0.2713 -0.9625 0.0000		
-23.6094 -105.4665 -96.1364	-0.5250 -0.8511 0.0000		
-3.2851 -110.8941 -128.7274	-0.3638 -0.8932 -0.2643		
-49.9489 -83.6403 -96.1364 -0.7394 -0.6732 0.0000		
-35.0324 -91.7971 -128.9519	-0.6197 -0.7376 -0.2680		
-13.3091 -91.7971 -158.8515	-0.4464 -0.7376 -0.5066		
31.1029 -119.2644 -63.9142 -0.0838 -0.9625 0.2580			
21.4302 -105.4665 -34.1448 -0.1622 -0.8511 0.4993		
-3.2851 -110.8941 -63.5455 -0.3638 -0.8932 0.2643		
13.2909 -83.6403 -9.0944 -0.2285 -0.6732 0.7032		
-13.3091 -91.7971 -33.4213 -0.4464 -0.7376 0.5066		
-35.0324 -91.7971 -63.3209 -0.6197 -0.7376 0.2680		
68.9824 -119.2644 -76.2220 0.2195 -0.9625 0.1595		
94.3058 -105.4665 -57.8235 0.4248 -0.8511 0.3086		
58.7066 -110.8941 -43.4032 0.1390 -0.8932 0.4277		
115.6149 -83.6403 -42.3415 0.5982 -0.6732 0.4346		
84.2588 -91.7970 -24.5609 0.3438 -0.7376 0.5811		
49.1097 -91.7970 -13.1403 0.0634 -0.7376 0.6722		
97.0196 -110.8941 -96.1364 0.4497 -0.8932 0.0000		
122.8357 -91.7971 -114.6154	0.6589 -0.7376 -0.1474		
122.8357 -91.7971 -77.6575 0.6589 -0.7376 0.1474			
}
TriangleList
{
	0 1 2
	3 4 5
	6 7 8
	9 10 11
	12 13 14
	15 16 17
	18 19 20
	21 22 23
	24 25 26
	27 28 29
	30 31 32
	33 34 35
	36 37 38
	39 40 41
	42 43 44
	45 46 47
	48 49 50
	51 52 53
	54 55 56
	57 58 59
	60 61 62
	63 64 65
	66 67 68
	69 70 71
	72 73 74
	75 76 77
	78 79 80
	81 82 83
	84 85 86
	87 88 89
	90 91 88
	92 93 94
	95 96 94
	97 98 99
	100 101 102
	103 104 105
	3 106 107
	108 109 110
	111 112 113
	114 115 116
	117 118 119
	120 21 121
	122 123 124
	125 126 127
	128 129 130
	131 132 133
	134 135 136
	137 138 139
	140 97 141
	142 143 144
	145 146 147
	148 149 150
	151 152 153
	154 155 156
	157 158 159
	160 161 162
	163 164 165
	166 167 168
	169 170 171
	172 173 174
	175 176 177
	178 179 180
	181 182 183
	184 185 186
	187 188 189
	190 191 192
	193 194 195
	196 197 198
	199 200 201
	202 203 204
	205 206 207
	208 209 210
	211 212 213
	214 215 216
	217 218 219
	220 221 222
	223 224 225
	226 227 228
	229 230 231
	232 233 234
	235 236 237
	238 239 240
	241 242 243
	244 245 30
	246 247 248
	249 250 251
	252 253 254
	255 256 257
	258 259 260
	259 258 261
	261 262 259
	262 261 263
	262 263 264
	264 265 262
	265 264 266
	267 268 269
	269 268 270
	270 271 269
	269 271 272
	273 269 272
	274 269 273
	270 268 275
	275 276 270
	277 270 276
	270 277 271
	271 277 278
	278 279 271
	271 279 272
	280 275 268
	225 275 280
	268 281 280
	282 278 277
	283 278 282
	278 283 279
	279 283 284
	279 284 272
	282 285 283
	286 283 285
	283 286 284
	285 282 287
	287 288 285
	285 288 289
	289 290 285
	285 290 286
	287 282 291
	291 292 287
	293 291 282
	294 289 288
	288 295 294
	296 294 295
	295 297 296
	298 296 297
	299 296 298
	296 299 300
	301 295 288
	295 301 302
	302 297 295
	297 302 303
	303 304 297
	297 304 298
	288 287 301
	305 301 287
	302 301 305
	305 306 302
	302 306 307
	307 303 302
	308 303 307
	304 303 308
	309 305 287
	310 305 309
	305 310 306
	306 310 311
	311 307 306
	307 311 312
	312 313 307
	307 313 308
	314 309 287
	315 309 314
	309 315 316
	309 316 310
	311 310 316
	317 311 316
	312 311 317
	287 318 314
	319 314 318
	320 314 319
	314 320 315
	315 320 321
	321 322 315
	316 315 322
	322 323 316
	316 323 317
	318 324 319
	325 319 324
	326 319 325
	319 326 320
	320 326 327
	327 321 320
	328 321 327
	321 328 329
	329 322 321
	324 330 325
	331 325 330
	332 325 331
	325 332 326
	327 326 332
	332 333 327
	334 327 333
	327 334 328
	330 335 331
	336 331 335
	337 331 336
	331 337 332
	332 337 338
	338 333 332
	339 333 338
	336 340 337
	338 337 340
	340 336 226
	333 341 334
	342 334 341
	328 334 342
	342 343 328
	328 343 344
	344 329 328
	345 329 344
	322 329 345
	345 323 322
	346 343 342
	343 346 347
	347 344 343
	344 347 348
	348 349 344
	344 349 345
	342 350 346
	346 350 351
	351 352 346
	346 352 353
	353 347 346
	348 347 353
	350 342 354
	354 355 350
	350 355 356
	356 351 350
	357 351 356
	352 351 357
	358 354 342
	359 354 358
	355 354 359
	359 360 355
	355 360 361
	361 356 355
	356 361 362
	356 362 357
	358 363 359
	359 363 364
	364 365 359
	360 359 365
	365 366 360
	361 360 366
	366 367 361
	362 361 367
	367 368 362
	362 368 369
	370 364 363
	363 371 370
	340 370 371
	371 363 372
	373 374 375
	374 373 376
	376 377 374
	374 377 378
	373 379 376
	376 379 380
	381 376 380
	379 373 382
	383 379 382
	380 379 384
	385 377 376
	386 387 388
	388 387 389
	389 390 388
	388 390 391
	389 387 392
	392 393 389
	393 394 389
	389 394 390
	390 394 395
	395 396 390
	390 396 397
	387 398 392
	399 392 398
	399 393 392
	393 399 400
	400 401 393
	394 393 401
	402 394 401
	398 387 403
	404 398 403
	405 398 404
	398 405 399
	399 405 406
	406 400 399
	400 406 407
	408 400 407
	400 408 401
	408 409 401
	401 409 402
	409 410 402
	404 411 405
	405 411 412
	412 406 405
	411 404 413
	404 414 413
	414 415 413
	413 415 416
	416 417 413
	413 417 418
	419 414 404
	415 414 419
	419 420 415
	421 419 404
	422 421 404
	423 417 416
	416 424 423
	423 424 425
	425 426 423
	425 427 426
	427 425 428
	428 429 427
	424 416 430
	430 431 424
	425 424 431
	431 432 425
	432 428 425
	433 430 416
	433 434 430
	434 435 430
	431 430 435
	431 435 436
	436 437 431
}